--------------------------------------------
0
1
2
3
4
5
6
0 1
0 2
0 3
0 4
0 5
0 6
1 2
1 3
1 4
1 5
1 6
2 3
2 4
2 5
3 6
--------------------------------------------
0
1
2
3
4
5
6
0 1
0 2
0 3
0 4
0 5
0 6
1 2
1 3
1 4
1 5
1 6
2 3
2 4
2 5
4 6
--------------------------------------------
0
1
2
3
4
5
6
0 1
0 2
0 3
0 4
0 5
0 6
1 2
1 3
1 4
1 5
1 6
2 3
2 4
2 5
5 6
--------------------------------------------
0
1
2
3
4
5
6
0 1
0 2
0 3
0 4
0 5
0 6
1 2
1 3
1 4
1 5
2 3
2 4
2 5
2 6
3 6
--------------------------------------------
0
1
2
3
4
5
6
0 1
0 2
0 3
0 4
0 5
0 6
1 2
1 3
1 4
1 5
2 3
2 4
2 5
2 6
4 6
--------------------------------------------
0
1
2
3
4
5
6
0 1
0 2
0 3
0 4
0 5
0 6
1 2
1 3
1 4
1 5
2 3
2 4
2 5
2 6
5 6
--------------------------------------------
0
1
2
3
4
5
6
0 1
0 2
0 3
0 4
0 5
0 6
1 2
1 3
1 4
1 5
2 3
2 4
2 5
3 6
4 6
--------------------------------------------
0
1
2
3
4
5
6
0 1
0 2
0 3
0 4
0 5
0 6
1 2
1 3
1 4
1 5
2 3
2 4
2 5
3 6
5 6
--------------------------------------------
0
1
2
3
4
5
6
0 1
0 2
0 3
0 4
0 5
0 6
1 2
1 3
1 4
1 5
2 3
2 4
2 5
4 6
5 6
--------------------------------------------
0
1
2
3
4
5
6
0 1
0 2
0 3
0 4
0 5
1 2
1 3
1 4
1 5
1 6
2 3
2 4
2 5
2 6
3 6
--------------------------------------------
0
1
2
3
4
5
6
0 1
0 2
0 3
0 4
0 5
1 2
1 3
1 4
1 5
1 6
2 3
2 4
2 5
2 6
4 6
--------------------------------------------
0
1
2
3
4
5
6
0 1
0 2
0 3
0 4
0 5
1 2
1 3
1 4
1 5
1 6
2 3
2 4
2 5
2 6
5 6
--------------------------------------------
0
1
2
3
4
5
6
0 1
0 2
0 3
0 4
0 5
1 2
1 3
1 4
1 5
1 6
2 3
2 4
2 5
3 6
4 6
--------------------------------------------
0
1
2
3
4
5
6
0 1
0 2
0 3
0 4
0 5
1 2
1 3
1 4
1 5
1 6
2 3
2 4
2 5
3 6
5 6
--------------------------------------------
0
1
2
3
4
5
6
0 1
0 2
0 3
0 4
0 5
1 2
1 3
1 4
1 5
1 6
2 3
2 4
2 5
4 6
5 6
--------------------------------------------
0
1
2
3
4
5
6
0 1
0 2
0 3
0 4
0 5
1 2
1 3
1 4
1 5
2 3
2 4
2 5
2 6
3 6
4 6
--------------------------------------------
0
1
2
3
4
5
6
0 1
0 2
0 3
0 4
0 5
1 2
1 3
1 4
1 5
2 3
2 4
2 5
2 6
3 6
5 6
--------------------------------------------
0
1
2
3
4
5
6
0 1
0 2
0 3
0 4
0 5
1 2
1 3
1 4
1 5
2 3
2 4
2 5
2 6
4 6
5 6

Total 7-vertex graphs (degree-3 extension): 180
Percolating graphs: 138
Non-percolating graphs: 42
